[app/ui]
version = 7.2.0
modtime = 1540651224.901618000

[app/launcher]
version = 7.2.0
modtime = 1540651224.903217000

[views/markdown]
owner = admin
version = 7.2.0
modtime = 1540681177.231959000
